lng1,lat1,lng2,lat2
119.587028,35.45327792,119.5334154,35.422839
119.587028,35.45327792,119.5334154,35.422839
119.587028,35.45327792,119.5334154,35.422839
119.587028,35.45327792,119.5334154,35.422839
119.587028,35.45327792,119.4686243,35.431049
119.587028,35.45327792,119.4686243,35.431049
119.587028,35.45327792,119.587028,35.45327792
119.587028,35.45327792,119.587028,35.45327792
119.587028,35.45327792,119.587028,35.45327792
119.587028,35.45327792,119.587028,35.45327792
119.587028,35.45327792,119.587028,35.45327792
119.587028,35.45327792,119.5334154,35.422839
119.587028,35.45327792,119.5334154,35.422839
119.587028,35.45327792,119.5334154,35.422839
119.587028,35.45327792,119.5334154,35.422839
119.587028,35.45327792,119.587028,35.45327792
119.587028,35.45327792,119.587028,35.45327792
119.587028,35.45327792,119.587028,35.45327792
119.587028,35.45327792,119.587028,35.45327792
119.3255304,35.12743233,119.5334154,35.422839
119.3255304,35.12743233,119.5334154,35.422839
119.3255304,35.12743233,119.5334154,35.422839
119.3255304,35.12743233,119.5334154,35.422839
119.3255304,35.12743233,119.5334154,35.422839
119.3255304,35.12743233,119.5334154,35.422839
119.3255304,35.12743233,119.5334154,35.422839
119.3255304,35.12743233,119.4686243,35.431049
119.3255304,35.12743233,119.4686243,35.431049
119.3255304,35.12743233,119.5334154,35.422839
119.3255304,35.12743233,119.5334154,35.422839
119.3255304,35.12743233,119.5334154,35.422839
119.3255304,35.12743233,119.5334154,35.422839
119.3255304,35.12743233,119.3255304,35.12743233
119.3255304,35.12743233,119.3255304,35.12743233
119.3255304,35.12743233,119.3255304,35.12743233
119.3255304,35.12743233,119.5334154,35.422839
119.3255304,35.12743233,119.5334154,35.422839
119.3255304,35.12743233,119.3255304,35.12743233
119.3255304,35.12743233,119.3255304,35.12743233
119.3255304,35.12743233,119.3255304,35.12743233
119.3255304,35.12743233,119.3255304,35.12743233
119.3255304,35.12743233,119.3255304,35.12743233
119.3255304,35.12743233,119.3255304,35.12743233
119.3255304,35.12743233,119.3255304,35.12743233
119.3255304,35.12743233,119.3255304,35.12743233
119.3255304,35.12743233,119.3255304,35.12743233
119.3255304,35.12743233,119.3255304,35.12743233
119.3255304,35.12743233,119.3255304,35.12743233
119.3255304,35.12743233,119.3255304,35.12743233
119.3255304,35.12743233,119.5334154,35.422839
119.3255304,35.12743233,119.5334154,35.422839
119.3255304,35.12743233,119.3255304,35.12743233
119.3255304,35.12743233,119.3255304,35.12743233
119.3255304,35.12743233,119.3255304,35.12743233
119.3255304,35.12743233,119.3255304,35.12743233
119.3255304,35.12743233,119.3255304,35.12743233
119.3255304,35.12743233,119.3255304,35.12743233
119.3255304,35.12743233,119.3255304,35.12743233
119.3255304,35.12743233,119.3255304,35.12743233
119.3255304,35.12743233,119.3255304,35.12743233
119.3255304,35.12743233,119.3255304,35.12743233
119.3255304,35.12743233,119.3255304,35.12743233
119.3255304,35.12743233,119.3255304,35.12743233
119.3255304,35.12743233,119.3255304,35.12743233
119.3255304,35.12743233,119.4686243,35.431049
119.3255304,35.12743233,119.4686243,35.431049
119.3255304,35.12743233,119.3255304,35.12743233
119.3255304,35.12743233,119.3255304,35.12743233
119.3255304,35.12743233,119.3255304,35.12743233
119.3255304,35.12743233,119.3255304,35.12743233
119.3255304,35.12743233,119.3255304,35.12743233
119.3255304,35.12743233,119.3255304,35.12743233
119.3255304,35.12743233,119.3255304,35.12743233
119.3255304,35.12743233,119.5334154,35.422839
119.3255304,35.12743233,119.5334154,35.422839
119.3255304,35.12743233,119.5334154,35.422839
119.3255304,35.12743233,119.3255304,35.12743233
119.3255304,35.12743233,119.3255304,35.12743233
119.3255304,35.12743233,119.3255304,35.12743233
119.3255304,35.12743233,119.3255304,35.12743233
119.3255304,35.12743233,119.3255304,35.12743233
119.3255304,35.12743233,119.3255304,35.12743233
119.3255304,35.12743233,119.3255304,35.12743233
119.3255304,35.12743233,119.5334154,35.422839
119.3255304,35.12743233,119.3255304,35.12743233
119.3255304,35.12743233,119.3255304,35.12743233
119.3255304,35.12743233,119.3255304,35.12743233
119.3255304,35.12743233,119.5334154,35.422839
119.3255304,35.12743233,119.5334154,35.422839
119.3255304,35.12743233,119.5334154,35.422839
119.3255304,35.12743233,119.5334154,35.422839
119.3255304,35.12743233,119.5334154,35.422839
119.3255304,35.12743233,119.5334154,35.422839
119.3255304,35.12743233,119.5334154,35.422839
119.3255304,35.12743233,119.5334154,35.422839
119.3255304,35.12743233,119.5334154,35.422839
119.3255304,35.12743233,119.4686243,35.431049
119.3255304,35.12743233,119.4686243,35.431049
119.3255304,35.12743233,119.4686243,35.431049
119.3255304,35.12743233,119.3255304,35.12743233
119.3255304,35.12743233,119.3255304,35.12743233
119.3255304,35.12743233,119.3255304,35.12743233
119.3255304,35.12743233,119.3255304,35.12743233
119.3255304,35.12743233,119.3255304,35.12743233
119.3255304,35.12743233,119.3255304,35.12743233
119.3255304,35.12743233,119.3255304,35.12743233
119.3255304,35.12743233,119.3255304,35.12743233
119.3255304,35.12743233,119.3255304,35.12743233
119.3255304,35.12743233,119.3255304,35.12743233
119.3255304,35.12743233,119.3255304,35.12743233
119.3255304,35.12743233,119.3255304,35.12743233
119.3255304,35.12743233,119.3255304,35.12743233
119.3255304,35.12743233,119.3255304,35.12743233
119.3255304,35.12743233,119.3255304,35.12743233
119.4686243,35.431049,119.5334154,35.422839
119.4686243,35.431049,119.4686243,35.431049
119.4686243,35.431049,119.4686243,35.431049
119.4686243,35.431049,119.4686243,35.431049
119.4686243,35.431049,119.4686243,35.431049
119.4686243,35.431049,119.4686243,35.431049
119.4686243,35.431049,119.4686243,35.431049
119.4686243,35.431049,119.4686243,35.431049
119.4686243,35.431049,119.4686243,35.431049
119.4686243,35.431049,119.4686243,35.431049
119.4686243,35.431049,119.4686243,35.431049
119.4686243,35.431049,119.4686243,35.431049
119.4686243,35.431049,119.4686243,35.431049
119.4686243,35.431049,119.4686243,35.431049
119.4686243,35.431049,119.4686243,35.431049
119.4686243,35.431049,119.4686243,35.431049
119.4686243,35.431049,119.4686243,35.431049
119.4686243,35.431049,119.587028,35.45327792
119.4686243,35.431049,119.587028,35.45327792
119.4686243,35.431049,119.5334154,35.422839
119.4686243,35.431049,119.5334154,35.422839
119.4686243,35.431049,119.5334154,35.422839
119.4686243,35.431049,119.5334154,35.422839
119.4686243,35.431049,119.5334154,35.422839
119.4686243,35.431049,119.5334154,35.422839
119.4686243,35.431049,119.5334154,35.422839
119.4686243,35.431049,119.5334154,35.422839
119.4686243,35.431049,119.5334154,35.422839
119.4686243,35.431049,119.4686243,35.431049
119.4686243,35.431049,119.4686243,35.431049
119.4686243,35.431049,119.4686243,35.431049
119.4686243,35.431049,119.4686243,35.431049
119.4686243,35.431049,119.4686243,35.431049
119.4686243,35.431049,119.4686243,35.431049
119.4686243,35.431049,119.4686243,35.431049
119.4686243,35.431049,119.3255304,35.12743233
119.4686243,35.431049,119.5334154,35.422839
119.4686243,35.431049,119.5334154,35.422839
119.4686243,35.431049,119.5334154,35.422839
119.4686243,35.431049,119.5334154,35.422839
119.4686243,35.431049,119.5334154,35.422839
119.4686243,35.431049,119.5334154,35.422839
119.4686243,35.431049,119.5334154,35.422839
119.4686243,35.431049,119.4686243,35.431049
119.4686243,35.431049,119.4686243,35.431049
119.4686243,35.431049,119.4686243,35.431049
119.4686243,35.431049,119.4686243,35.431049
119.4686243,35.431049,119.4686243,35.431049
119.4686243,35.431049,119.4686243,35.431049
119.4686243,35.431049,119.4686243,35.431049
119.4686243,35.431049,119.4686243,35.431049
119.4686243,35.431049,119.4686243,35.431049
119.4686243,35.431049,119.4686243,35.431049
119.4686243,35.431049,119.5334154,35.422839
119.4686243,35.431049,119.5334154,35.422839
119.4686243,35.431049,119.5334154,35.422839
119.4686243,35.431049,119.5334154,35.422839
119.4686243,35.431049,119.5334154,35.422839
119.4686243,35.431049,119.5334154,35.422839
119.4686243,35.431049,119.5334154,35.422839
119.4686243,35.431049,119.5334154,35.422839
119.4686243,35.431049,119.5334154,35.422839
119.4686243,35.431049,119.5334154,35.422839
119.4686243,35.431049,119.4686243,35.431049
119.4686243,35.431049,119.4686243,35.431049
119.4686243,35.431049,119.4686243,35.431049
119.4686243,35.431049,119.4686243,35.431049
119.4686243,35.431049,119.4686243,35.431049
119.4686243,35.431049,119.4686243,35.431049
119.4686243,35.431049,119.5334154,35.422839
119.4686243,35.431049,119.5334154,35.422839
119.4686243,35.431049,119.5334154,35.422839
119.4686243,35.431049,119.4686243,35.431049
119.4686243,35.431049,119.4686243,35.431049
119.4686243,35.431049,119.4686243,35.431049
119.4686243,35.431049,119.5334154,35.422839
119.4686243,35.431049,119.5334154,35.422839
119.4686243,35.431049,119.5334154,35.422839
119.4686243,35.431049,119.5334154,35.422839
119.4686243,35.431049,119.5334154,35.422839
119.4686243,35.431049,119.5334154,35.422839
119.4686243,35.431049,119.5334154,35.422839
119.4686243,35.431049,119.5334154,35.422839
119.4686243,35.431049,119.4686243,35.431049
119.4686243,35.431049,119.4686243,35.431049
119.4686243,35.431049,119.4686243,35.431049
119.4686243,35.431049,119.4686243,35.431049
119.4686243,35.431049,119.5334154,35.422839
119.4686243,35.431049,119.5334154,35.422839
119.4686243,35.431049,119.5334154,35.422839
119.4686243,35.431049,119.4686243,35.431049
119.4686243,35.431049,119.4686243,35.431049
119.4686243,35.431049,119.5334154,35.422839
119.4686243,35.431049,119.4686243,35.431049
119.4686243,35.431049,119.4686243,35.431049
119.4686243,35.431049,119.4686243,35.431049
119.4686243,35.431049,119.4686243,35.431049
119.4686243,35.431049,119.4686243,35.431049
119.4686243,35.431049,119.4686243,35.431049
119.4686243,35.431049,119.4686243,35.431049
119.4686243,35.431049,119.4686243,35.431049
119.4686243,35.431049,119.4686243,35.431049
119.4686243,35.431049,119.4686243,35.431049
119.4686243,35.431049,119.5334154,35.422839
119.4686243,35.431049,119.4686243,35.431049
119.4686243,35.431049,119.4686243,35.431049
119.4686243,35.431049,119.5334154,35.422839
119.4686243,35.431049,119.5334154,35.422839
119.5334154,35.422839,119.5334154,35.422839
119.5334154,35.422839,119.5334154,35.422839
119.5334154,35.422839,119.5334154,35.422839
119.5334154,35.422839,119.5334154,35.422839
119.5334154,35.422839,119.5334154,35.422839
119.5334154,35.422839,119.5334154,35.422839
119.5334154,35.422839,119.5334154,35.422839
119.5334154,35.422839,119.5334154,35.422839
119.5334154,35.422839,119.5334154,35.422839
119.5334154,35.422839,119.5334154,35.422839
119.5334154,35.422839,119.5334154,35.422839
119.5334154,35.422839,119.5334154,35.422839
119.5334154,35.422839,119.5334154,35.422839
119.5334154,35.422839,119.5334154,35.422839
119.5334154,35.422839,119.5334154,35.422839
119.5334154,35.422839,119.5334154,35.422839
119.5334154,35.422839,119.5334154,35.422839
119.5334154,35.422839,119.5334154,35.422839
119.5334154,35.422839,119.5334154,35.422839
119.5334154,35.422839,119.5334154,35.422839
119.5334154,35.422839,119.5334154,35.422839
119.5334154,35.422839,119.5334154,35.422839
119.5334154,35.422839,119.5334154,35.422839
119.5334154,35.422839,119.5334154,35.422839
119.5334154,35.422839,119.5334154,35.422839
119.5334154,35.422839,119.5334154,35.422839
119.5334154,35.422839,119.5334154,35.422839
119.5334154,35.422839,119.5334154,35.422839
119.5334154,35.422839,119.5334154,35.422839
119.5334154,35.422839,119.5334154,35.422839
119.5334154,35.422839,119.5334154,35.422839
119.5334154,35.422839,119.5334154,35.422839
119.5334154,35.422839,119.5334154,35.422839
119.5334154,35.422839,119.5334154,35.422839
119.5334154,35.422839,119.5334154,35.422839
119.5334154,35.422839,119.5334154,35.422839
119.5334154,35.422839,119.5334154,35.422839
119.5334154,35.422839,119.5334154,35.422839
119.5334154,35.422839,119.5334154,35.422839
119.5334154,35.422839,119.5334154,35.422839
119.5334154,35.422839,119.5334154,35.422839
119.5334154,35.422839,119.5334154,35.422839
119.5334154,35.422839,119.5334154,35.422839
119.5334154,35.422839,119.5334154,35.422839
119.5334154,35.422839,119.5334154,35.422839
119.5334154,35.422839,119.5334154,35.422839
119.5334154,35.422839,119.4686243,35.431049
119.5334154,35.422839,119.4686243,35.431049
119.5334154,35.422839,119.4686243,35.431049
119.5334154,35.422839,119.4686243,35.431049
118.8435382,35.58587212,118.8435382,35.58587212
118.8435382,35.58587212,118.8435382,35.58587212
118.8435382,35.58587212,118.8435382,35.58587212
118.8435382,35.58587212,118.8435382,35.58587212
118.8435382,35.58587212,118.8435382,35.58587212
118.8435382,35.58587212,118.8435382,35.58587212
118.8435382,35.58587212,118.8435382,35.58587212
118.8435382,35.58587212,118.8435382,35.58587212
118.8435382,35.58587212,118.8435382,35.58587212
118.8435382,35.58587212,118.8435382,35.58587212
118.8435382,35.58587212,118.8435382,35.58587212
118.8435382,35.58587212,118.8435382,35.58587212
118.8435382,35.58587212,118.8435382,35.58587212
118.8435382,35.58587212,118.8435382,35.58587212
118.8435382,35.58587212,118.8435382,35.58587212
118.8435382,35.58587212,118.8435382,35.58587212
118.8435382,35.58587212,118.8435382,35.58587212
118.8435382,35.58587212,118.8435382,35.58587212
118.8435382,35.58587212,118.8435382,35.58587212
118.8435382,35.58587212,118.8435382,35.58587212
118.8435382,35.58587212,118.8435382,35.58587212
118.8435382,35.58587212,118.8435382,35.58587212
118.8435382,35.58587212,118.8435382,35.58587212
118.8435382,35.58587212,118.8435382,35.58587212
118.8435382,35.58587212,118.8435382,35.58587212
118.8435382,35.58587212,118.8435382,35.58587212
118.8435382,35.58587212,118.8435382,35.58587212
118.8435382,35.58587212,118.8435382,35.58587212
118.8435382,35.58587212,118.8435382,35.58587212
118.8435382,35.58587212,118.8435382,35.58587212
118.8435382,35.58587212,118.8435382,35.58587212
118.8435382,35.58587212,118.8435382,35.58587212
118.8435382,35.58587212,118.8435382,35.58587212
118.8435382,35.58587212,118.8435382,35.58587212
118.8435382,35.58587212,118.8435382,35.58587212
118.8435382,35.58587212,118.8435382,35.58587212
118.8435382,35.58587212,118.8435382,35.58587212
118.8435382,35.58587212,118.8435382,35.58587212
118.8435382,35.58587212,118.8435382,35.58587212
118.8435382,35.58587212,118.8435382,35.58587212
118.8435382,35.58587212,118.8435382,35.58587212
118.8435382,35.58587212,118.8435382,35.58587212
118.8435382,35.58587212,118.8435382,35.58587212
118.8435382,35.58587212,118.8435382,35.58587212
118.8435382,35.58587212,118.8435382,35.58587212
118.8435382,35.58587212,118.8435382,35.58587212
118.8435382,35.58587212,118.8435382,35.58587212
118.8435382,35.58587212,118.8435382,35.58587212
118.8435382,35.58587212,118.8435382,35.58587212
118.8435382,35.58587212,118.8435382,35.58587212
118.8435382,35.58587212,118.8435382,35.58587212
118.8435382,35.58587212,118.8435382,35.58587212
118.8435382,35.58587212,118.8435382,35.58587212
118.8435382,35.58587212,118.8435382,35.58587212
118.8435382,35.58587212,118.8435382,35.58587212
118.8435382,35.58587212,118.8435382,35.58587212
118.8435382,35.58587212,118.8435382,35.58587212
118.8435382,35.58587212,118.8435382,35.58587212
118.8435382,35.58587212,118.8435382,35.58587212
118.8435382,35.58587212,118.8435382,35.58587212
118.8435382,35.58587212,118.8435382,35.58587212
118.8435382,35.58587212,118.8435382,35.58587212
118.8435382,35.58587212,118.8435382,35.58587212
118.8435382,35.58587212,118.8435382,35.58587212
118.8435382,35.58587212,118.8435382,35.58587212
118.8435382,35.58587212,118.8435382,35.58587212
118.8435382,35.58587212,118.8435382,35.58587212
118.8435382,35.58587212,118.8435382,35.58587212
118.8435382,35.58587212,118.8435382,35.58587212
118.8435382,35.58587212,118.8435382,35.58587212
118.8435382,35.58587212,118.8435382,35.58587212
118.8435382,35.58587212,118.8435382,35.58587212
118.8435382,35.58587212,118.8435382,35.58587212
118.8435382,35.58587212,118.8435382,35.58587212
118.8435382,35.58587212,118.8435382,35.58587212
118.8435382,35.58587212,118.8435382,35.58587212
118.8435382,35.58587212,118.8435382,35.58587212
118.8435382,35.58587212,118.8435382,35.58587212
118.8435382,35.58587212,118.8435382,35.58587212
118.8435382,35.58587212,118.8435382,35.58587212
118.8435382,35.58587212,118.8435382,35.58587212
118.8435382,35.58587212,118.8435382,35.58587212
118.8435382,35.58587212,118.8435382,35.58587212
118.8435382,35.58587212,118.8435382,35.58587212
118.8435382,35.58587212,118.8435382,35.58587212
118.8435382,35.58587212,118.8435382,35.58587212
118.8435382,35.58587212,118.8435382,35.58587212
118.8435382,35.58587212,118.8435382,35.58587212
118.8435382,35.58587212,118.8435382,35.58587212
118.8435382,35.58587212,118.8435382,35.58587212
118.8435382,35.58587212,118.8435382,35.58587212
118.8435382,35.58587212,118.8435382,35.58587212
118.8435382,35.58587212,118.8435382,35.58587212
118.8435382,35.58587212,118.8435382,35.58587212
118.8435382,35.58587212,118.8435382,35.58587212
118.8435382,35.58587212,118.8435382,35.58587212
118.8435382,35.58587212,118.8435382,35.58587212
118.8435382,35.58587212,118.8435382,35.58587212
118.8435382,35.58587212,118.8435382,35.58587212
118.8435382,35.58587212,118.8435382,35.58587212
118.8435382,35.58587212,118.8435382,35.58587212
118.8435382,35.58587212,118.8435382,35.58587212
118.8435382,35.58587212,118.8435382,35.58587212
118.8435382,35.58587212,118.8435382,35.58587212
118.8435382,35.58587212,118.8435382,35.58587212
118.8435382,35.58587212,118.8435382,35.58587212
118.8435382,35.58587212,118.8435382,35.58587212
118.8435382,35.58587212,118.8435382,35.58587212
118.8435382,35.58587212,118.8435382,35.58587212
118.8435382,35.58587212,118.8435382,35.58587212
118.8435382,35.58587212,118.8435382,35.58587212
118.8435382,35.58587212,118.8435382,35.58587212
118.8435382,35.58587212,118.8435382,35.58587212
118.8435382,35.58587212,118.8435382,35.58587212
118.8435382,35.58587212,118.8435382,35.58587212
118.8435382,35.58587212,118.8435382,35.58587212
118.8435382,35.58587212,118.8435382,35.58587212
118.8435382,35.58587212,118.8435382,35.58587212
118.8435382,35.58587212,118.8435382,35.58587212
118.8435382,35.58587212,118.8435382,35.58587212
118.8435382,35.58587212,118.8435382,35.58587212
118.8435382,35.58587212,118.8435382,35.58587212
118.8435382,35.58587212,118.8435382,35.58587212
118.8435382,35.58587212,118.8435382,35.58587212
118.8435382,35.58587212,118.8435382,35.58587212
118.8435382,35.58587212,118.8435382,35.58587212
118.8435382,35.58587212,118.8435382,35.58587212
118.8435382,35.58587212,118.8435382,35.58587212
118.8435382,35.58587212,118.8435382,35.58587212
118.8435382,35.58587212,118.8435382,35.58587212
118.8435382,35.58587212,118.8435382,35.58587212
118.8435382,35.58587212,118.8435382,35.58587212
118.8435382,35.58587212,118.8435382,35.58587212
118.8435382,35.58587212,118.8435382,35.58587212
118.8435382,35.58587212,118.8435382,35.58587212
118.8435382,35.58587212,118.8435382,35.58587212
118.8435382,35.58587212,118.8435382,35.58587212
118.8435382,35.58587212,119.5334154,35.422839
118.8435382,35.58587212,119.5334154,35.422839
118.8435382,35.58587212,119.4686243,35.431049
118.8435382,35.58587212,119.4686243,35.431049
118.8435382,35.58587212,118.8435382,35.58587212
118.8435382,35.58587212,118.8435382,35.58587212
118.8435382,35.58587212,118.8435382,35.58587212
118.8435382,35.58587212,118.8435382,35.58587212
118.8435382,35.58587212,118.8435382,35.58587212
118.8435382,35.58587212,118.8435382,35.58587212
118.8435382,35.58587212,118.8435382,35.58587212
118.8435382,35.58587212,118.8435382,35.58587212
118.8435382,35.58587212,118.8435382,35.58587212
118.8435382,35.58587212,118.8435382,35.58587212
118.8435382,35.58587212,118.8435382,35.58587212
118.8435382,35.58587212,118.8435382,35.58587212
118.8435382,35.58587212,118.8435382,35.58587212
118.8435382,35.58587212,118.8435382,35.58587212
118.8435382,35.58587212,118.8435382,35.58587212
118.8435382,35.58587212,118.8435382,35.58587212
118.8435382,35.58587212,118.8435382,35.58587212
118.8435382,35.58587212,118.8435382,35.58587212
118.8435382,35.58587212,118.8435382,35.58587212
118.8435382,35.58587212,118.8435382,35.58587212
118.8435382,35.58587212,118.8435382,35.58587212
118.8435382,35.58587212,118.8435382,35.58587212
118.8435382,35.58587212,118.8435382,35.58587212
118.8435382,35.58587212,118.8435382,35.58587212
118.8435382,35.58587212,118.8435382,35.58587212
118.8435382,35.58587212,118.8435382,35.58587212
118.8435382,35.58587212,118.8435382,35.58587212
118.8435382,35.58587212,118.8435382,35.58587212
118.8435382,35.58587212,118.8435382,35.58587212
118.8435382,35.58587212,118.8435382,35.58587212
118.8435382,35.58587212,118.8435382,35.58587212
118.8435382,35.58587212,118.8435382,35.58587212
118.8435382,35.58587212,118.8435382,35.58587212
118.8435382,35.58587212,118.8435382,35.58587212
118.8435382,35.58587212,118.8435382,35.58587212
118.8435382,35.58587212,118.8435382,35.58587212
118.8435382,35.58587212,118.8435382,35.58587212
118.8435382,35.58587212,118.8435382,35.58587212
118.8435382,35.58587212,118.8435382,35.58587212
118.8435382,35.58587212,118.8435382,35.58587212
118.8435382,35.58587212,118.8435382,35.58587212
118.8435382,35.58587212,118.8435382,35.58587212
118.8435382,35.58587212,118.8435382,35.58587212
118.8435382,35.58587212,118.8435382,35.58587212
118.8435382,35.58587212,118.8435382,35.58587212
118.8435382,35.58587212,118.8435382,35.58587212
118.8435382,35.58587212,118.8435382,35.58587212
118.8435382,35.58587212,118.8435382,35.58587212
118.8435382,35.58587212,118.8435382,35.58587212
118.8435382,35.58587212,118.8435382,35.58587212
118.8435382,35.58587212,118.8435382,35.58587212
118.8435382,35.58587212,118.8435382,35.58587212
118.8435382,35.58587212,118.8435382,35.58587212
118.8435382,35.58587212,118.8435382,35.58587212
118.8435382,35.58587212,118.8435382,35.58587212
118.8435382,35.58587212,118.8435382,35.58587212
118.8435382,35.58587212,118.8435382,35.58587212
118.8435382,35.58587212,118.8435382,35.58587212
118.8435382,35.58587212,118.8435382,35.58587212
118.8435382,35.58587212,118.8435382,35.58587212
118.8435382,35.58587212,118.8435382,35.58587212
118.8435382,35.58587212,118.8435382,35.58587212
118.8435382,35.58587212,118.8435382,35.58587212
118.8435382,35.58587212,118.8435382,35.58587212
118.8435382,35.58587212,118.8435382,35.58587212
118.8435382,35.58587212,118.8435382,35.58587212
118.8435382,35.58587212,118.8435382,35.58587212
118.8435382,35.58587212,118.8435382,35.58587212
118.8435382,35.58587212,118.8435382,35.58587212
118.8435382,35.58587212,118.8435382,35.58587212
118.8435382,35.58587212,118.8435382,35.58587212
118.8435382,35.58587212,118.8435382,35.58587212
118.8435382,35.58587212,118.8435382,35.58587212
118.8435382,35.58587212,118.8435382,35.58587212
118.8435382,35.58587212,118.8435382,35.58587212
118.8435382,35.58587212,118.8435382,35.58587212
118.8435382,35.58587212,118.8435382,35.58587212
118.8435382,35.58587212,118.8435382,35.58587212
118.8435382,35.58587212,118.8435382,35.58587212
118.8435382,35.58587212,118.8435382,35.58587212
118.8435382,35.58587212,118.8435382,35.58587212
118.8435382,35.58587212,118.8435382,35.58587212
118.8435382,35.58587212,118.8435382,35.58587212
118.8435382,35.58587212,118.8435382,35.58587212
118.8435382,35.58587212,118.8435382,35.58587212
118.8435382,35.58587212,118.8435382,35.58587212
118.8435382,35.58587212,118.8435382,35.58587212
118.8435382,35.58587212,118.8435382,35.58587212
118.8435382,35.58587212,118.8435382,35.58587212
118.8435382,35.58587212,118.8435382,35.58587212
118.8435382,35.58587212,118.8435382,35.58587212
118.8435382,35.58587212,118.8435382,35.58587212
118.8435382,35.58587212,118.8435382,35.58587212
118.8435382,35.58587212,118.8435382,35.58587212
118.8435382,35.58587212,118.8435382,35.58587212
118.8435382,35.58587212,118.8435382,35.58587212
118.8435382,35.58587212,118.8435382,35.58587212
118.8435382,35.58587212,118.8435382,35.58587212
118.8435382,35.58587212,118.8435382,35.58587212
118.8435382,35.58587212,118.8435382,35.58587212
118.8435382,35.58587212,118.8435382,35.58587212
118.8435382,35.58587212,118.8435382,35.58587212
118.8435382,35.58587212,118.8435382,35.58587212
118.8435382,35.58587212,118.8435382,35.58587212
118.8435382,35.58587212,118.8435382,35.58587212
118.8435382,35.58587212,118.8435382,35.58587212
118.8435382,35.58587212,118.8435382,35.58587212
118.8435382,35.58587212,118.8435382,35.58587212
118.8435382,35.58587212,118.8435382,35.58587212
118.8435382,35.58587212,118.8435382,35.58587212
118.8435382,35.58587212,118.8435382,35.58587212
118.8435382,35.58587212,118.8435382,35.58587212
118.8435382,35.58587212,119.2155804,35.7556971
118.8435382,35.58587212,119.2155804,35.7556971
118.8435382,35.58587212,118.8435382,35.58587212
118.8435382,35.58587212,118.8435382,35.58587212
118.8435382,35.58587212,118.8435382,35.58587212
118.8435382,35.58587212,118.8435382,35.58587212
118.8435382,35.58587212,118.8435382,35.58587212
118.8435382,35.58587212,118.8435382,35.58587212
118.8435382,35.58587212,118.8435382,35.58587212
118.8435382,35.58587212,118.8435382,35.58587212
118.8435382,35.58587212,118.8435382,35.58587212
118.8435382,35.58587212,118.8435382,35.58587212
118.8435382,35.58587212,118.8435382,35.58587212
118.8435382,35.58587212,118.8435382,35.58587212
118.8435382,35.58587212,118.8435382,35.58587212
118.8435382,35.58587212,118.8435382,35.58587212
118.8435382,35.58587212,118.8435382,35.58587212
118.8435382,35.58587212,118.8435382,35.58587212
118.8435382,35.58587212,118.8435382,35.58587212
118.8435382,35.58587212,118.8435382,35.58587212
118.8435382,35.58587212,118.8435382,35.58587212
118.8435382,35.58587212,118.8435382,35.58587212
118.8435382,35.58587212,118.8435382,35.58587212
118.8435382,35.58587212,118.8435382,35.58587212
118.8435382,35.58587212,118.8435382,35.58587212
118.8435382,35.58587212,118.8435382,35.58587212
118.8435382,35.58587212,118.8435382,35.58587212
118.8435382,35.58587212,118.8435382,35.58587212
118.8435382,35.58587212,118.8435382,35.58587212
118.8435382,35.58587212,118.8435382,35.58587212
118.8435382,35.58587212,118.8435382,35.58587212
118.8435382,35.58587212,118.8435382,35.58587212
118.8435382,35.58587212,118.8435382,35.58587212
118.8435382,35.58587212,118.8435382,35.58587212
118.8435382,35.58587212,118.8435382,35.58587212
118.8435382,35.58587212,118.8435382,35.58587212
118.8435382,35.58587212,118.8435382,35.58587212
118.8435382,35.58587212,118.8435382,35.58587212
118.8435382,35.58587212,118.8435382,35.58587212
118.8435382,35.58587212,118.8435382,35.58587212
118.8435382,35.58587212,118.8435382,35.58587212
118.8435382,35.58587212,118.8435382,35.58587212
118.8435382,35.58587212,118.8435382,35.58587212
118.8435382,35.58587212,118.8435382,35.58587212
118.8435382,35.58587212,118.8435382,35.58587212
118.8435382,35.58587212,118.8435382,35.58587212
118.8435382,35.58587212,118.8435382,35.58587212
118.8435382,35.58587212,118.8435382,35.58587212
118.8435382,35.58587212,118.8435382,35.58587212
118.8435382,35.58587212,118.8435382,35.58587212
118.8435382,35.58587212,118.8435382,35.58587212
118.8435382,35.58587212,118.8435382,35.58587212
118.8435382,35.58587212,118.8435382,35.58587212
118.8435382,35.58587212,118.8435382,35.58587212
118.8435382,35.58587212,118.8435382,35.58587212
118.8435382,35.58587212,118.8435382,35.58587212
118.8435382,35.58587212,118.8435382,35.58587212
118.8435382,35.58587212,118.8435382,35.58587212
118.8435382,35.58587212,118.8435382,35.58587212
118.8435382,35.58587212,118.8435382,35.58587212
118.8435382,35.58587212,118.8435382,35.58587212
118.8435382,35.58587212,118.8435382,35.58587212
118.8435382,35.58587212,118.8435382,35.58587212
118.8435382,35.58587212,118.8435382,35.58587212
118.8435382,35.58587212,118.8435382,35.58587212
118.8435382,35.58587212,118.8435382,35.58587212
118.8435382,35.58587212,118.8435382,35.58587212
118.8435382,35.58587212,118.8435382,35.58587212
118.8435382,35.58587212,118.8435382,35.58587212
118.8435382,35.58587212,118.8435382,35.58587212
118.8435382,35.58587212,118.8435382,35.58587212
118.8435382,35.58587212,118.8435382,35.58587212
118.8435382,35.58587212,118.8435382,35.58587212
119.2155804,35.7556971,119.5334154,35.422839
119.2155804,35.7556971,119.5334154,35.422839
119.2155804,35.7556971,119.5334154,35.422839
119.2155804,35.7556971,119.5334154,35.422839
119.2155804,35.7556971,119.5334154,35.422839
119.2155804,35.7556971,118.8435382,35.58587212
119.2155804,35.7556971,118.8435382,35.58587212
119.2155804,35.7556971,119.2155804,35.7556971
119.2155804,35.7556971,119.2155804,35.7556971
119.2155804,35.7556971,119.2155804,35.7556971
119.2155804,35.7556971,119.2155804,35.7556971
119.2155804,35.7556971,119.2155804,35.7556971
119.2155804,35.7556971,119.2155804,35.7556971
119.2155804,35.7556971,119.2155804,35.7556971
119.2155804,35.7556971,119.2155804,35.7556971
119.2155804,35.7556971,119.2155804,35.7556971
119.2155804,35.7556971,119.2155804,35.7556971
119.2155804,35.7556971,119.2155804,35.7556971
119.2155804,35.7556971,119.2155804,35.7556971
119.2155804,35.7556971,119.2155804,35.7556971
119.2155804,35.7556971,119.2155804,35.7556971
119.2155804,35.7556971,119.2155804,35.7556971
119.2155804,35.7556971,119.2155804,35.7556971
119.2155804,35.7556971,119.2155804,35.7556971
119.2155804,35.7556971,119.2155804,35.7556971
119.2155804,35.7556971,119.2155804,35.7556971
119.2155804,35.7556971,119.2155804,35.7556971
119.2155804,35.7556971,119.2155804,35.7556971
119.2155804,35.7556971,119.2155804,35.7556971
119.2155804,35.7556971,119.2155804,35.7556971
119.2155804,35.7556971,119.2155804,35.7556971
119.2155804,35.7556971,119.2155804,35.7556971
119.2155804,35.7556971,119.2155804,35.7556971
119.2155804,35.7556971,119.2155804,35.7556971
119.2155804,35.7556971,119.2155804,35.7556971
119.2155804,35.7556971,119.2155804,35.7556971
119.2155804,35.7556971,119.2155804,35.7556971
119.2155804,35.7556971,119.2155804,35.7556971
119.2155804,35.7556971,119.2155804,35.7556971
119.2155804,35.7556971,119.2155804,35.7556971
119.2155804,35.7556971,119.2155804,35.7556971
119.2155804,35.7556971,119.2155804,35.7556971
119.2155804,35.7556971,119.2155804,35.7556971
119.2155804,35.7556971,119.2155804,35.7556971
119.2155804,35.7556971,119.2155804,35.7556971
119.2155804,35.7556971,119.2155804,35.7556971
119.2155804,35.7556971,119.2155804,35.7556971
119.2155804,35.7556971,119.2155804,35.7556971
119.2155804,35.7556971,119.2155804,35.7556971
119.2155804,35.7556971,119.2155804,35.7556971
119.2155804,35.7556971,119.2155804,35.7556971
119.2155804,35.7556971,119.2155804,35.7556971
119.2155804,35.7556971,119.2155804,35.7556971
119.2155804,35.7556971,119.2155804,35.7556971
119.2155804,35.7556971,119.2155804,35.7556971
119.2155804,35.7556971,119.2155804,35.7556971
119.2155804,35.7556971,119.2155804,35.7556971
119.2155804,35.7556971,119.2155804,35.7556971
119.2155804,35.7556971,119.2155804,35.7556971
119.2155804,35.7556971,119.2155804,35.7556971
119.2155804,35.7556971,119.2155804,35.7556971
119.2155804,35.7556971,119.2155804,35.7556971
119.2155804,35.7556971,119.2155804,35.7556971
119.2155804,35.7556971,119.2155804,35.7556971
119.2155804,35.7556971,119.2155804,35.7556971
119.2155804,35.7556971,119.2155804,35.7556971
119.2155804,35.7556971,119.2155804,35.7556971
119.2155804,35.7556971,119.2155804,35.7556971
119.2155804,35.7556971,119.2155804,35.7556971
119.2155804,35.7556971,119.2155804,35.7556971
119.2155804,35.7556971,119.2155804,35.7556971
119.2155804,35.7556971,119.2155804,35.7556971
119.2155804,35.7556971,119.2155804,35.7556971
119.2155804,35.7556971,119.2155804,35.7556971
119.2155804,35.7556971,119.2155804,35.7556971
119.2155804,35.7556971,119.2155804,35.7556971
119.2155804,35.7556971,119.2155804,35.7556971
119.2155804,35.7556971,119.2155804,35.7556971
119.2155804,35.7556971,119.2155804,35.7556971
119.2155804,35.7556971,119.2155804,35.7556971
119.2155804,35.7556971,119.2155804,35.7556971
119.2155804,35.7556971,119.2155804,35.7556971
119.2155804,35.7556971,119.2155804,35.7556971
119.2155804,35.7556971,119.2155804,35.7556971
119.2155804,35.7556971,119.2155804,35.7556971
119.2155804,35.7556971,119.2155804,35.7556971
119.2155804,35.7556971,119.2155804,35.7556971
119.2155804,35.7556971,119.2155804,35.7556971
119.2155804,35.7556971,119.2155804,35.7556971
119.2155804,35.7556971,119.2155804,35.7556971
119.2155804,35.7556971,119.2155804,35.7556971
119.2155804,35.7556971,119.2155804,35.7556971
119.2155804,35.7556971,119.5334154,35.422839
119.2155804,35.7556971,119.5334154,35.422839
119.2155804,35.7556971,119.2155804,35.7556971
119.2155804,35.7556971,119.2155804,35.7556971
119.2155804,35.7556971,119.2155804,35.7556971
119.2155804,35.7556971,119.2155804,35.7556971
119.2155804,35.7556971,119.2155804,35.7556971
119.2155804,35.7556971,119.2155804,35.7556971
119.2155804,35.7556971,119.2155804,35.7556971
119.2155804,35.7556971,119.2155804,35.7556971
119.2155804,35.7556971,119.2155804,35.7556971
119.2155804,35.7556971,119.2155804,35.7556971
119.2155804,35.7556971,119.2155804,35.7556971
119.2155804,35.7556971,119.2155804,35.7556971
119.2155804,35.7556971,119.2155804,35.7556971
119.2155804,35.7556971,119.2155804,35.7556971
119.2155804,35.7556971,119.2155804,35.7556971
119.2155804,35.7556971,119.2155804,35.7556971
119.2155804,35.7556971,119.2155804,35.7556971
119.2155804,35.7556971,119.2155804,35.7556971
119.2155804,35.7556971,119.2155804,35.7556971
119.2155804,35.7556971,119.2155804,35.7556971
119.2155804,35.7556971,119.2155804,35.7556971
119.2155804,35.7556971,119.2155804,35.7556971
119.2155804,35.7556971,119.2155804,35.7556971
119.2155804,35.7556971,119.2155804,35.7556971
119.2155804,35.7556971,119.2155804,35.7556971
119.2155804,35.7556971,119.2155804,35.7556971
119.2155804,35.7556971,119.2155804,35.7556971
119.2155804,35.7556971,119.2155804,35.7556971
119.2155804,35.7556971,119.2155804,35.7556971
119.2155804,35.7556971,119.2155804,35.7556971
119.2155804,35.7556971,119.2155804,35.7556971
119.2155804,35.7556971,119.2155804,35.7556971
119.2155804,35.7556971,119.2155804,35.7556971
119.2155804,35.7556971,119.2155804,35.7556971
119.2155804,35.7556971,119.2155804,35.7556971
119.2155804,35.7556971,119.2155804,35.7556971
119.2155804,35.7556971,119.2155804,35.7556971
119.2155804,35.7556971,119.2155804,35.7556971
119.2155804,35.7556971,119.2155804,35.7556971
119.2155804,35.7556971,119.5334154,35.422839
119.2155804,35.7556971,119.5334154,35.422839
119.2155804,35.7556971,119.2155804,35.7556971
119.2155804,35.7556971,119.2155804,35.7556971
119.2155804,35.7556971,119.2155804,35.7556971
119.2155804,35.7556971,119.2155804,35.7556971
119.2155804,35.7556971,119.2155804,35.7556971
119.2155804,35.7556971,119.2155804,35.7556971
119.2155804,35.7556971,119.2155804,35.7556971
119.2155804,35.7556971,119.2155804,35.7556971
119.2155804,35.7556971,119.2155804,35.7556971
119.2155804,35.7556971,119.2155804,35.7556971
119.2155804,35.7556971,119.2155804,35.7556971
119.2155804,35.7556971,119.2155804,35.7556971
119.2155804,35.7556971,119.2155804,35.7556971
119.2155804,35.7556971,119.2155804,35.7556971
119.2155804,35.7556971,119.2155804,35.7556971
119.2155804,35.7556971,119.2155804,35.7556971
119.2155804,35.7556971,119.2155804,35.7556971
119.2155804,35.7556971,119.2155804,35.7556971
119.2155804,35.7556971,119.2155804,35.7556971
119.2155804,35.7556971,119.2155804,35.7556971
119.2155804,35.7556971,119.2155804,35.7556971
119.2155804,35.7556971,119.2155804,35.7556971
119.2155804,35.7556971,119.5334154,35.422839
119.2155804,35.7556971,119.2155804,35.7556971
119.2155804,35.7556971,119.2155804,35.7556971
119.2155804,35.7556971,119.2155804,35.7556971
119.2155804,35.7556971,119.2155804,35.7556971
119.2155804,35.7556971,119.2155804,35.7556971
119.2155804,35.7556971,119.2155804,35.7556971
119.2155804,35.7556971,119.2155804,35.7556971
119.2155804,35.7556971,119.2155804,35.7556971
119.2155804,35.7556971,119.2155804,35.7556971
119.2155804,35.7556971,119.2155804,35.7556971
119.2155804,35.7556971,119.2155804,35.7556971
119.2155804,35.7556971,119.2155804,35.7556971
119.2155804,35.7556971,119.2155804,35.7556971
119.2155804,35.7556971,119.2155804,35.7556971
119.2155804,35.7556971,119.2155804,35.7556971
119.2155804,35.7556971,119.2155804,35.7556971
119.2155804,35.7556971,119.2155804,35.7556971
119.2155804,35.7556971,119.2155804,35.7556971
119.2155804,35.7556971,119.2155804,35.7556971
119.2155804,35.7556971,119.2155804,35.7556971
119.2155804,35.7556971,119.2155804,35.7556971
119.2155804,35.7556971,119.2155804,35.7556971
119.2155804,35.7556971,119.2155804,35.7556971
119.2155804,35.7556971,119.2155804,35.7556971
